-1.523924e-05 -7.339833e-15 2.145435e-14 1.523924e-05
-2.802219e-14 1.730399e-05 -1.730399e-05 2.412519e-14
0.000000e+00 0.000000e+00 0.000000e+00 0.000000e+00
3.169236e-08 -1.957036e+01 1.957036e+01 -2.728494e-08
-1.723518e+01 -8.301155e-09 2.426430e-08 1.723518e+01
3.000000e+00 4.000000e+00 -5.000000e+00 4.000000e+00
1.602177e-19 1.602177e-19 1.602177e-19 1.602177e-19
1.496536e-26 1.496536e-26 1.496536e-26 1.496536e-26
1.000000e-09
1.000000e-03
1.000000e+06
2.000000e+00
4.458800e+00
9.205570e+06
1.751114e-03
1.130973e+06
1.570796e+00
1.130973e+08
5.000000e-03 
0.000000e+00
0.000000e+00
2.007407e+07
-1.000000e+00
0.000000e+00
0.000000e+00
0.000000e+00
-5.654867e+07
